0	0	0	10	10	
0.01	0.100002	0.099023	9.95026	9.85287	
0.02	0.199504	0.196577	9.90053	9.7067	
0.03	0.298506	0.292672	9.8508	9.56149	
0.04	0.397008	0.387316	9.80108	9.41723	
0.05	0.495011	0.480521	9.75137	9.27391	
0.06	0.592515	0.572294	9.70166	9.13153	
0.07	0.689518	0.662646	9.65197	8.99007	
0.08	0.786023	0.751585	9.6023	8.84953	
0.09	0.882029	0.839121	9.55263	8.70989	
0.1	0.977535	0.925262	9.50299	8.57115	
0.11	1.07254	1.01002	9.45335	8.43331	
0.12	1.16705	1.0934	9.40374	8.29635	
0.13	1.26106	1.17541	9.35415	8.16027	
0.14	1.35458	1.25606	9.30457	8.02505	
0.15	1.44759	1.33537	9.25502	7.89069	
0.16	1.54011	1.41333	9.20549	7.75719	
0.17	1.63213	1.48995	9.15599	7.62452	
0.18	1.72365	1.56526	9.10651	7.49269	
0.19	1.81467	1.63924	9.05706	7.36169	
0.2	1.9052	1.71192	9.00764	7.23151	
0.21	1.99523	1.7833	8.95824	7.10214	
0.22	2.08477	1.85339	8.90888	6.97357	
0.23	2.17381	1.92219	8.85956	6.84579	
0.24	2.26235	1.98971	8.81026	6.7188	
0.25	2.3504	2.05597	8.76101	6.59259	
0.26	2.43796	2.12096	8.71179	6.46715	
0.27	2.52502	2.18471	8.66261	6.34247	
0.28	2.61159	2.2472	8.61347	6.21854	
0.29	2.69766	2.30846	8.56437	6.09536	
0.3	2.78324	2.36849	8.51532	5.97291	
0.31	2.86833	2.4273	8.46631	5.8512	
0.32	2.95292	2.48489	8.41735	5.7302	
0.33	3.03703	2.54127	8.36845	5.60992	
0.34	3.12064	2.59645	8.31959	5.49034	
0.35	3.20376	2.65043	8.27078	5.37145	
0.36	3.2864	2.70323	8.22203	5.25326	
0.37	3.36854	2.75484	8.17334	5.13574	
0.38	3.45019	2.80528	8.1247	5.01888	
0.39	3.53136	2.85456	8.07613	4.90269	
0.4	3.61204	2.90267	8.02762	4.78715	
0.41	3.69223	2.94962	7.97917	4.67226	
0.42	3.77194	2.99543	7.93079	4.558	
0.43	3.85116	3.0401	7.88248	4.44436	
0.44	3.92989	3.08363	7.83424	4.33134	
0.45	4.00814	3.12603	7.78608	4.21892	
0.46	4.08591	3.16731	7.73799	4.10711	
0.47	4.1632	3.20747	7.68999	3.99588	
0.48	4.24	3.24651	7.64206	3.88523	
0.49	4.31633	3.28445	7.59422	3.77514	
0.5	4.39217	3.32129	7.54646	3.66562	
0.51	4.46753	3.35704	7.4988	3.55664	
0.52	4.54242	3.39169	7.45123	3.44821	
0.53	4.61683	3.42527	7.40375	3.3403	
0.54	4.69076	3.45776	7.35638	3.23291	
0.55	4.76422	3.48917	7.30911	3.12602	
0.56	4.8372	3.51952	7.26194	3.01963	
0.57	4.90971	3.5488	7.21489	2.91373	
0.58	4.98175	3.57703	7.16794	2.8083	
0.59	5.05332	3.6042	7.12112	2.70333	
0.6	5.12442	3.63032	7.07441	2.59882	
0.61	5.19505	3.65539	7.02783	2.49474	
0.62	5.26521	3.67942	6.98138	2.39109	
0.63	5.33491	3.70241	6.93507	2.28785	
0.64	5.40415	3.72437	6.88889	2.18501	
0.65	5.47292	3.7453	6.84285	2.08256	
0.66	5.54123	3.76521	6.79697	1.98049	
0.67	5.60908	3.78409	6.75124	1.87877	
0.68	5.67647	3.80195	6.70566	1.7774	
0.69	5.74341	3.8188	6.66025	1.67637	
0.7	5.80989	3.83464	6.61501	1.57565	
0.71	5.87592	3.84946	6.56994	1.47523	
0.72	5.9415	3.86328	6.52506	1.3751	
0.73	6.00663	3.8761	6.48036	1.27524	
0.74	6.07131	3.88791	6.43586	1.17563	
0.75	6.13555	3.89873	6.39156	1.07626	
0.76	6.19934	3.90855	6.34746	0.977115	
0.77	6.26269	3.91738	6.30359	0.878168	
0.78	6.3256	3.92521	6.25993	0.779405	
0.79	6.38808	3.93205	6.2165	0.680808	
0.8	6.45012	3.9379	6.17332	0.582357	
0.81	6.51174	3.94277	6.13037	0.484032	
0.82	6.57292	3.94665	6.08769	0.385814	
0.83	6.63367	3.94954	6.04526	0.287682	
0.839999	6.69401	3.95144	6.00311	0.189615	
0.849999	6.75392	3.95236	5.96124	0.0915908	
0.859999	6.81341	3.9523	5.91966	-0.00641228	
0.869999	6.87249	3.95125	5.87837	-0.104417	
0.879999	6.93116	3.94922	5.8374	-0.202446	
0.889999	6.98941	3.9462	5.79674	-0.300524	
0.899999	7.04727	3.94219	5.75641	-0.398673	
0.909999	7.10472	3.93719	5.71642	-0.49692	
0.919999	7.16177	3.93121	5.67677	-0.595287	
0.929999	7.21843	3.92424	5.63748	-0.693802	
0.939999	7.27469	3.91627	5.59856	-0.792489	
0.949999	7.33057	3.90732	5.56002	-0.891374	
0.959999	7.38607	3.89736	5.52186	-0.990484	
0.969999	7.44119	3.88641	5.4841	-1.08985	
0.979999	7.49593	3.87445	5.44674	-1.18948	
0.989999	7.5503	3.86149	5.4098	-1.28943	
0.999999	7.6043	3.84753	5.37329	-1.3897	
1.01	7.65794	3.83255	5.3372	-1.49034	
1.02	7.71122	3.81656	5.30156	-1.59136	
1.03	7.76415	3.79954	5.26637	-1.69279	
1.04	7.81673	3.78151	5.23164	-1.79466	
1.05	7.86896	3.76244	5.19738	-1.897	
1.06	7.92086	3.74234	5.16358	-1.99983	
1.07	7.97242	3.72121	5.13027	-2.10318	
1.08	8.02365	3.69902	5.09744	-2.20707	
1.09	8.07455	3.67579	5.06511	-2.31154	
1.1	8.12514	3.65151	5.03327	-2.4166	
1.11	8.17541	3.62616	5.00192	-2.52228	
1.12	8.22537	3.59974	4.97109	-2.6286	
1.13	8.27502	3.57225	4.94075	-2.73559	
1.14	8.32438	3.54367	4.91093	-2.84327	
1.15	8.37344	3.51401	4.88162	-2.95166	
1.16	8.42221	3.48324	4.85281	-3.06079	
1.17	8.4707	3.45138	4.82452	-3.17067	
1.18	8.51891	3.4184	4.79674	-3.28132	
1.19	8.56684	3.3843	4.76947	-3.39277	
1.2	8.6145	3.34908	4.7427	-3.50502	
1.21	8.66191	3.31271	4.71644	-3.61811	
1.22	8.70905	3.27521	4.69068	-3.73204	
1.23	8.75594	3.23654	4.66543	-3.84684	
1.24	8.80258	3.19672	4.64066	-3.96251	
1.25	8.84897	3.15573	4.61638	-4.07907	
1.26	8.89513	3.11355	4.59259	-4.19654	
1.27	8.94105	3.07018	4.56928	-4.31493	
1.28	8.98674	3.02562	4.54644	-4.43425	
1.29	9.03221	2.97985	4.52407	-4.55451	
1.3	9.07746	2.93285	4.50216	-4.67574	
1.31	9.12249	2.88463	4.4807	-4.79792	
1.32	9.16731	2.83518	4.45968	-4.92109	
1.33	9.21192	2.78447	4.4391	-5.04524	
1.34	9.25633	2.73251	4.41896	-5.1704	
1.35	9.30055	2.67928	4.39923	-5.29655	
1.36	9.34457	2.62477	4.37992	-5.42372	
1.37	9.38839	2.56897	4.36102	-5.55192	
1.38	9.43204	2.51187	4.34251	-5.68114	
1.39	9.4755	2.45347	4.3244	-5.81141	
1.4	9.51878	2.39374	4.30667	-5.94272	
1.41	9.56189	2.33269	4.28931	-6.07509	
1.42	9.60483	2.27029	4.27231	-6.20851	
1.43	9.6476	2.20654	4.25568	-6.34301	
1.44	9.6902	2.14143	4.23939	-6.47857	
1.45	9.73265	2.07495	4.22344	-6.61522	
1.46	9.77494	2.00708	4.20783	-6.75296	
1.47	9.81707	1.93781	4.19254	-6.89179	
1.48	9.85906	1.86714	4.17757	-7.03172	
1.49	9.9009	1.79506	4.16291	-7.17276	
1.5	9.94259	1.72154	4.14855	-7.31491	
1.51	9.98414	1.64658	4.13448	-7.45817	
1.52	10.0256	1.57018	4.12071	-7.60256	
1.53	10.0668	1.49231	4.10721	-7.74808	
1.54	10.108	1.41296	4.09399	-7.89474	
1.55	10.149	1.33214	4.08103	-8.04254	
1.56	10.1899	1.24981	4.06834	-8.19149	
1.57	10.2306	1.16597	4.0559	-8.34159	
1.58	10.2713	1.08062	4.0437	-8.49286	
1.59	10.3118	0.993734	4.03175	-8.64529	
1.6	10.3522	0.905303	4.02003	-8.79889	
1.61	10.3925	0.815317	4.00854	-8.95367	
1.62	10.4327	0.723764	3.99727	-9.10964	
1.63	10.4727	0.630631	3.98623	-9.2668	
1.64	10.5127	0.535907	3.97539	-9.42516	
1.65	10.5525	0.439579	3.96476	-9.58472	
1.66	10.5923	0.341635	3.95433	-9.74549	
1.67	10.6319	0.242063	3.9441	-9.90749	
1.68	10.6714	0.140851	3.93406	-10.0707	
1.69	10.7109	0.0379857	3.92421	-10.2351	
1.7	10.7502	-0.0665444	3.91454	-10.4008	
1.71	10.7895	-0.172752	3.90504	-10.5678	
1.72	10.8286	-0.28065	3.89572	-10.7359	
1.73	10.8677	-0.390251	3.88657	-10.9054	
1.74	10.9067	-0.501568	3.87759	-11.0761	
1.75	10.9455	-0.614613	3.86876	-11.2481	
1.76	10.9843	-0.729399	3.8601	-11.4213	
1.77	11.023	-0.84594	3.85158	-11.5959	
1.78	11.0617	-0.964248	3.84322	-11.7717	
1.79	11.1002	-1.08434	3.835	-11.9489	
1.8	11.1387	-1.20622	3.82693	-12.1273	
1.81	11.1771	-1.32991	3.81899	-12.3071	
1.82	11.2154	-1.45542	3.81119	-12.4882	
1.83	11.2536	-1.58276	3.80352	-12.6707	
1.84	11.2917	-1.71195	3.79598	-12.8544	
1.85	11.3298	-1.843	3.78857	-13.0396	
1.86	11.3678	-1.97592	3.78129	-13.2261	
1.87	11.4057	-2.11073	3.77412	-13.4139	
1.88	11.4436	-2.24745	3.76707	-13.6032	
1.89	11.4814	-2.38608	3.76014	-13.7938	
1.9	11.5191	-2.52664	3.75332	-13.9858	
1.91	11.5568	-2.66914	3.74661	-14.1792	
1.92	11.5944	-2.8136	3.74	-14.374	
1.93	11.6319	-2.96003	3.73351	-14.5703	
1.94	11.6693	-3.10845	3.72711	-14.7679	
1.95	11.7067	-3.25888	3.72082	-14.967	
1.96	11.7441	-3.41131	3.71463	-15.1676	
1.97	11.7813	-3.56578	3.70853	-15.3696	
1.98	11.8185	-3.72229	3.70253	-15.5731	
1.99	11.8557	-3.88086	3.69662	-15.778	
2	11.8928	-4.04151	3.6908	-15.9844	
2.01	11.9298	-4.20424	3.68506	-16.1923	
2.02	11.9668	-4.36908	3.67942	-16.4018	
2.03	12.0037	-4.53604	3.67386	-16.6127	
2.04	12.0406	-4.70514	3.66838	-16.8251	
2.05	12.0774	-4.87639	3.66298	-17.0391	
2.06	12.1142	-5.0498	3.65767	-17.2547	
2.07	12.1509	-5.22539	3.65243	-17.4717	
2.08	12.1875	-5.40318	3.64727	-17.6904	
2.09	12.2241	-5.58319	3.64218	-17.9106	
2.1	12.2607	-5.76542	3.63717	-18.1324	
2.11	12.2972	-5.9499	3.63223	-18.3558	
2.12	12.3337	-6.13664	3.62736	-18.5808	
2.13	12.3701	-6.32566	3.62255	-18.8074	
2.14	12.4064	-6.51697	3.61782	-19.0356	
2.15	12.4427	-6.71059	3.61315	-19.2654	
2.16	12.479	-6.90654	3.60855	-19.497	
2.17	12.5152	-7.10483	3.60401	-19.7301	
2.18	12.5514	-7.30548	3.59954	-19.965	
2.19	12.5875	-7.50851	3.59512	-20.2015	
2.2	12.6236	-7.71393	3.59077	-20.4397	
2.21	12.6597	-7.92176	3.58647	-20.6796	
2.22	12.6957	-8.13202	3.58224	-20.9212	
2.23	12.7316	-8.34473	3.57806	-21.1646	
2.24	12.7675	-8.5599	3.57393	-21.4096	
2.25	12.8034	-8.77755	3.56987	-21.6565	
2.26	12.8393	-8.9977	3.56585	-21.9051	
2.27	12.8751	-9.22037	3.56189	-22.1554	
2.28	12.9108	-9.44557	3.55798	-22.4076	
2.29	12.9465	-9.67332	3.55412	-22.6615	
2.3	12.9822	-9.90364	3.55031	-22.9173	
2.31	13.0179	-10.1366	3.54655	-23.1748	
2.32	13.0535	-10.3721	3.54284	-23.4342	
2.33	13.089	-10.6102	3.53918	-23.6955	
2.34	13.1246	-10.851	3.53556	-23.9586	
2.35	13.1601	-11.0945	3.53199	-24.2236	
2.36	13.1955	-11.3406	3.52847	-24.4904	
2.37	13.231	-11.5894	3.52499	-24.7592	
2.38	13.2663	-11.841	3.52155	-25.0299	
2.39	13.3017	-12.0953	3.51815	-25.3024	
2.4	13.337	-12.3523	3.5148	-25.577	
2.41	13.3723	-12.6122	3.51149	-25.8534	
2.42	13.4076	-12.8748	3.50822	-26.1319	
2.43	13.4428	-13.1402	3.50499	-26.4123	
2.44	13.478	-13.4085	3.5018	-26.6947	
2.45	13.5132	-13.6797	3.49865	-26.9791	
2.46	13.5483	-13.9537	3.49553	-27.2655	
2.47	13.5834	-14.2306	3.49246	-27.5539	
2.48	13.6185	-14.5104	3.48942	-27.8444	
2.49	13.6535	-14.7932	3.48641	-28.137	
2.5	13.6885	-15.079	3.48344	-28.4316	
2.51	13.7235	-15.3677	3.48051	-28.7283	
2.52	13.7584	-15.6594	3.47761	-29.0271	
2.53	13.7934	-15.9542	3.47475	-29.328	
2.54	13.8282	-16.252	3.47192	-29.6311	
2.55	13.8631	-16.5528	3.46912	-29.9363	
2.56	13.898	-16.8568	3.46636	-30.2437	
2.57	13.9328	-17.1639	3.46362	-30.5532	
2.58	13.9675	-17.474	3.46092	-30.8649	
2.59	14.0023	-17.7874	3.45825	-31.1788	
2.6	14.037	-18.1039	3.45561	-31.495	
2.61	14.0717	-18.4237	3.453	-31.8134	
2.62	14.1064	-18.7466	3.45042	-32.134	
2.63	14.1411	-19.0728	3.44787	-32.4569	
2.64	14.1757	-19.4023	3.44535	-32.7821	
2.65	14.2103	-19.735	3.44285	-33.1096	
2.66	14.2449	-20.0711	3.44039	-33.4394	
2.67	14.2794	-20.4105	3.43795	-33.7715	
2.68	14.3139	-20.7533	3.43554	-34.106	
2.69	14.3484	-21.0994	3.43315	-34.4428	
2.7	14.3829	-21.449	3.43079	-34.782	
2.71	14.4174	-21.802	3.42846	-35.1236	
2.72	14.4518	-22.1585	3.42615	-35.4677	
2.73	14.4862	-22.5184	3.42387	-35.8141	
2.74	14.5206	-22.8818	3.42161	-36.163	
2.75	14.555	-23.2488	3.41938	-36.5144	
2.76	14.5893	-23.6193	3.41717	-36.8682	
2.77	14.6236	-23.9935	3.41498	-37.2245	
2.78	14.6579	-24.3712	3.41282	-37.5834	
2.79	14.6922	-24.7525	3.41068	-37.9448	
2.8	14.7265	-25.1375	3.40857	-38.3087	
2.81	14.7607	-25.5262	3.40648	-38.6752	
2.82	14.7949	-25.9186	3.4044	-39.0443	
2.83	14.8291	-26.3148	3.40235	-39.416	
2.84	14.8633	-26.7147	3.40033	-39.7903	
2.85	14.8975	-27.1184	3.39832	-40.1672	
2.86	14.9316	-27.5259	3.39633	-40.5469	
2.87	14.9657	-27.9372	3.39437	-40.9291	
2.88	14.9998	-28.3524	3.39243	-41.3141	
2.89	15.0339	-28.7715	3.3905	-41.7018	
2.9	15.0679	-29.1946	3.3886	-42.0922	
2.91	15.102	-29.6216	3.38671	-42.4854	
2.92	15.136	-30.0525	3.38485	-42.8814	
2.93	15.17	-30.4875	3.383	-43.2801	
2.94	15.204	-30.9265	3.38117	-43.6817	
2.95	15.2379	-31.3696	3.37936	-44.086	
2.96	15.2719	-31.8167	3.37757	-44.4933	
2.97	15.3058	-32.268	3.3758	-44.9034	
2.98	15.3397	-32.7235	3.37405	-45.3164	
2.99	15.3736	-33.1831	3.37231	-45.7323	
3	15.4075	-33.6469	3.37059	-46.1511	
